0.766
0.988
0.807
0.122
0.796
0.810
0.944
0.505
0.005
0.531
0.656
0.493
0.743
0.454
0.111
0.800
0.189
0.134
0.876
0.354
0.679
0.418
0.360
0.148
0.367
0.505
0.493
0.711
0.483
0.026
0.017
0.966
0.414
0.708
0.564
0.137
0.224
0.726
0.115
0.410
0.823
0.037
0.234
0.480
0.051
0.163
0.875
0.447
0.995
0.356
0.141
0.012
0.430
0.939
0.308
0.590
0.017
0.921
0.336
0.267
0.960
0.338
0.336
0.132
0.986
0.150
0.761
0.885
0.806
0.046
0.460
0.592
0.036
0.684
0.021
0.025
0.384
0.985
0.985
0.491
0.398
0.071
0.736
0.920
0.109
0.476
0.812
0.423
0.011
0.826
0.513
0.659
0.275
0.229
0.296
0.649
0.243
0.259
0.794
0.785
